Kp = 0.6826327510031306
tau_p = 156.43264909891522
theta_p = 16.795206945979384
Final SSE Objective: 93.02208167649965