Kc = 10.043836918969488
tau_d = 7.969770942315111
tau_i = 164.8302525719049